run 1: PASS
=== HANG #1 (run 2) ===
--- xtc-rings sample 1 ---
[New LWP 46163]
[New LWP 46162]
0x00007fad5471017e in epoll_wait () from /lib64/libc.so.6
0x2e837060         0      0x2e837db0         560      140354938873408      2         0     4
0x2e85b0e0         1      0x2e83a9a0         563      140354928383552      0         0     3
0x2e85be30         2      0x2e85cb80         566      140354917893696      0         0     3
0x2e85cee0         3      0x2e85dc30         569      140354833610304      35        0     2
0x2e85df90         4      0x2e85ece0         572      140354823120448      0         0     2
0x2e85f040         5      0x2e85fd90         575      140354812630592      0         0     2
0x2e8600f0         6      0x2e860e40         578      140354802140736      0         0     2
0x2e8611a0         7      0x2e861ef0         581      140354791650880      0         0     2
0x2e862280         8      0x2e862fd0         584      140354781161024      0         0     2
0x2e863360         9      0x2e8640b0         587      140354699392576      0         0     2
0x2e864440         10     0x2e865190         590      140354680510016      0         0     2
0x2e865520         11     0x2e866270         593      140354539996736      0         0     2
0x2e866600         12     0x2e867350         596      140354437187136      0         0     2
0x2e8676e0         13     0x2e868430         599      140354325984832      0         0     2
0x2e8687c0         14     0x2e869510         602      140354307102272      0         0     2
0x2e8698a0         15     0x2e86a5f0         605      140354271434304      0         0     2
0x2e86a980         16     0x2e86b6d0         608      140354252551744      0         0     2
0x2e86ba60         17     0x2e86c7b0         611      140354242061888      0         0     2
0x2e86cb40         18     0x2e86d890         614      140354231572032      0         0     2
0x2e86dc20         19     0x2e86e970         617      140354221082176      0         0     2
0x2e86ed00         20     0x2e86fa50         620      140354210592320      0         0     2
0x2e86fde0         21     0x2e870b30         623      140354200102464      0         0     2
0x2e870ec0         22     0x2e871c10         626      140354189612608      0         0     2
0x2e871fa0         23     0x2e872cf0         629      140354179122752      0         0     2
0x2e873080         24     0x2e873dd0         632      140354168632896      0         0     2
0x2e874160         25     0x2e874eb0         635      140354158143040      0         0     2
0x2e875240         26     0x2e875f90         638      140354147653184      0         0     2
0x2e876320         27     0x2e877070         641      140354137163328      0         0     2
0x2e877400         28     0x2e878150         644      140354126673472      0         0     2
0x2e8784e0         29     0x2e879230         647      140354116183616      0         0     2
0x2e8795c0         30     0x2e87a310         650      140354105693760      0         0     2
0x2e87a6a0         31     0x2e87b3f0         653      140354095203904      0         0     2
--- xtc-rings sample 2 ---
[New LWP 46163]
[New LWP 46162]
0x00007fad5471017e in epoll_wait () from /lib64/libc.so.6
0x2e837060         0      0x2e837db0         560      140354938873408      2         0     4
0x2e85b0e0         1      0x2e83a9a0         563      140354928383552      0         0     3
0x2e85be30         2      0x2e85cb80         566      140354917893696      0         0     3
0x2e85cee0         3      0x2e85dc30         569      140354833610304      35        0     2
0x2e85df90         4      0x2e85ece0         572      140354823120448      0         0     2
0x2e85f040         5      0x2e85fd90         575      140354812630592      0         0     2
0x2e8600f0         6      0x2e860e40         578      140354802140736      0         0     2
0x2e8611a0         7      0x2e861ef0         581      140354791650880      0         0     2
0x2e862280         8      0x2e862fd0         584      140354781161024      0         0     2
0x2e863360         9      0x2e8640b0         587      140354699392576      0         0     2
0x2e864440         10     0x2e865190         590      140354680510016      0         0     2
0x2e865520         11     0x2e866270         593      140354539996736      0         0     2
0x2e866600         12     0x2e867350         596      140354437187136      0         0     2
0x2e8676e0         13     0x2e868430         599      140354325984832      0         0     2
0x2e8687c0         14     0x2e869510         602      140354307102272      0         0     2
0x2e8698a0         15     0x2e86a5f0         605      140354271434304      0         0     2
0x2e86a980         16     0x2e86b6d0         608      140354252551744      0         0     2
0x2e86ba60         17     0x2e86c7b0         611      140354242061888      0         0     2
0x2e86cb40         18     0x2e86d890         614      140354231572032      0         0     2
0x2e86dc20         19     0x2e86e970         617      140354221082176      0         0     2
0x2e86ed00         20     0x2e86fa50         620      140354210592320      0         0     2
0x2e86fde0         21     0x2e870b30         623      140354200102464      0         0     2
0x2e870ec0         22     0x2e871c10         626      140354189612608      0         0     2
0x2e871fa0         23     0x2e872cf0         629      140354179122752      0         0     2
0x2e873080         24     0x2e873dd0         632      140354168632896      0         0     2
0x2e874160         25     0x2e874eb0         635      140354158143040      0         0     2
0x2e875240         26     0x2e875f90         638      140354147653184      0         0     2
0x2e876320         27     0x2e877070         641      140354137163328      0         0     2
0x2e877400         28     0x2e878150         644      140354126673472      0         0     2
0x2e8784e0         29     0x2e879230         647      140354116183616      0         0     2
0x2e8795c0         30     0x2e87a310         650      140354105693760      0         0     2
0x2e87a6a0         31     0x2e87b3f0         653      140354095203904      0         0     2
--- xtc-rings sample 3 ---
[New LWP 46163]
[New LWP 46162]
0x00007fad5471017e in epoll_wait () from /lib64/libc.so.6
0x2e837060         0      0x2e837db0         560      140354938873408      2         0     4
0x2e85b0e0         1      0x2e83a9a0         563      140354928383552      0         0     3
0x2e85be30         2      0x2e85cb80         566      140354917893696      0         0     3
0x2e85cee0         3      0x2e85dc30         569      140354833610304      35        0     2
0x2e85df90         4      0x2e85ece0         572      140354823120448      0         0     2
0x2e85f040         5      0x2e85fd90         575      140354812630592      0         0     2
0x2e8600f0         6      0x2e860e40         578      140354802140736      0         0     2
0x2e8611a0         7      0x2e861ef0         581      140354791650880      0         0     2
0x2e862280         8      0x2e862fd0         584      140354781161024      0         0     2
0x2e863360         9      0x2e8640b0         587      140354699392576      0         0     2
0x2e864440         10     0x2e865190         590      140354680510016      0         0     2
0x2e865520         11     0x2e866270         593      140354539996736      0         0     2
0x2e866600         12     0x2e867350         596      140354437187136      0         0     2
0x2e8676e0         13     0x2e868430         599      140354325984832      0         0     2
0x2e8687c0         14     0x2e869510         602      140354307102272      0         0     2
0x2e8698a0         15     0x2e86a5f0         605      140354271434304      0         0     2
0x2e86a980         16     0x2e86b6d0         608      140354252551744      0         0     2
0x2e86ba60         17     0x2e86c7b0         611      140354242061888      0         0     2
0x2e86cb40         18     0x2e86d890         614      140354231572032      0         0     2
0x2e86dc20         19     0x2e86e970         617      140354221082176      0         0     2
0x2e86ed00         20     0x2e86fa50         620      140354210592320      0         0     2
0x2e86fde0         21     0x2e870b30         623      140354200102464      0         0     2
0x2e870ec0         22     0x2e871c10         626      140354189612608      0         0     2
0x2e871fa0         23     0x2e872cf0         629      140354179122752      0         0     2
0x2e873080         24     0x2e873dd0         632      140354168632896      0         0     2
0x2e874160         25     0x2e874eb0         635      140354158143040      0         0     2
0x2e875240         26     0x2e875f90         638      140354147653184      0         0     2
0x2e876320         27     0x2e877070         641      140354137163328      0         0     2
0x2e877400         28     0x2e878150         644      140354126673472      0         0     2
0x2e8784e0         29     0x2e879230         647      140354116183616      0         0     2
0x2e8795c0         30     0x2e87a310         650      140354105693760      0         0     2
0x2e87a6a0         31     0x2e87b3f0         653      140354095203904      0         0     2
--- ANY ring with ovf=1 across the samples? ---
         29 0 2
          2 0 3
          1 0 4
          1 from /lib64/libc.so.6
run 3: PASS
=== HANG #2 (run 4) ===
--- xtc-rings sample 1 ---
[New LWP 47105]
[New LWP 47104]
0x00007fa790f1017e in epoll_wait () from /lib64/libc.so.6
0x1df73060         0      0x1df73db0         560      140330184091200      14        0     4
0x1df970e0         1      0x1df769a0         563      140330173601344      0         0     3
0x1df97e30         2      0x1df98b80         566      140330163111488      0         0     3
0x1df98ee0         3      0x1df99c30         569      140330152621632      0         0     2
0x1df99f90         4      0x1df9ace0         572      140330070439488      0         0     2
0x1df9b040         5      0x1df9bd90         575      140330059949632      0         0     2
0x1df9c0f0         6      0x1df9ce40         578      140330049459776      0         0     3
0x1df9d1a0         7      0x1df9def0         581      140330038969920      29        0     2
0x1df9e280         8      0x1df9efd0         584      140330028480064      0         0     2
0x1df9f360         9      0x1dfa00b0         587      140330017990208      0         0     2
0x1dfa0440         10     0x1dfa1190         590      140329936221760      0         0     2
0x1dfa1520         11     0x1dfa2270         593      140329925731904      0         0     2
0x1dfa2600         12     0x1dfa3350         596      140329890063936      0         0     2
0x1dfa36e0         13     0x1dfa4430         599      140329734895168      0         0     2
0x1dfa47c0         14     0x1dfa5510         602      140329648870976      0         0     2
0x1dfa58a0         15     0x1dfa65f0         605      140329546061376      0         0     2
0x1dfa6980         16     0x1dfa76d0         608      140329518786112      0         0     2
0x1dfa7a60         17     0x1dfa87b0         611      140329499903552      0         0     2
0x1dfa8b40         18     0x1dfa9890         614      140329481020992      0         0     2
0x1dfa9c20         19     0x1dfaa970         617      140329470531136      0         0     2
0x1dfaad00         20     0x1dfaba50         620      140329460041280      0         0     2
0x1dfabde0         21     0x1dfacb30         623      140329449551424      0         0     2
0x1dfacec0         22     0x1dfadc10         626      140329439061568      0         0     2
0x1dfadfa0         23     0x1dfaecf0         629      140329428571712      0         0     2
0x1dfaf080         24     0x1dfafdd0         632      140329418081856      0         0     2
0x1dfb0160         25     0x1dfb0eb0         635      140329407592000      0         0     2
0x1dfb1240         26     0x1dfb1f90         638      140329397102144      0         0     2
0x1dfb2320         27     0x1dfb3070         641      140329386612288      0         0     2
0x1dfb3400         28     0x1dfb4150         644      140329376122432      0         0     2
0x1dfb44e0         29     0x1dfb5230         647      140329365632576      0         0     2
0x1dfb55c0         30     0x1dfb6310         650      140329355142720      0         0     2
0x1dfb66a0         31     0x1dfb73f0         653      140329344652864      0         0     2
--- xtc-rings sample 2 ---
[New LWP 47105]
[New LWP 47104]
0x00007fa790f1017e in epoll_wait () from /lib64/libc.so.6
0x1df73060         0      0x1df73db0         560      140330184091200      14        0     4
0x1df970e0         1      0x1df769a0         563      140330173601344      0         0     3
0x1df97e30         2      0x1df98b80         566      140330163111488      0         0     3
0x1df98ee0         3      0x1df99c30         569      140330152621632      0         0     2
0x1df99f90         4      0x1df9ace0         572      140330070439488      0         0     2
0x1df9b040         5      0x1df9bd90         575      140330059949632      0         0     2
0x1df9c0f0         6      0x1df9ce40         578      140330049459776      0         0     3
0x1df9d1a0         7      0x1df9def0         581      140330038969920      29        0     2
0x1df9e280         8      0x1df9efd0         584      140330028480064      0         0     2
0x1df9f360         9      0x1dfa00b0         587      140330017990208      0         0     2
0x1dfa0440         10     0x1dfa1190         590      140329936221760      0         0     2
0x1dfa1520         11     0x1dfa2270         593      140329925731904      0         0     2
0x1dfa2600         12     0x1dfa3350         596      140329890063936      0         0     2
0x1dfa36e0         13     0x1dfa4430         599      140329734895168      0         0     2
0x1dfa47c0         14     0x1dfa5510         602      140329648870976      0         0     2
0x1dfa58a0         15     0x1dfa65f0         605      140329546061376      0         0     2
0x1dfa6980         16     0x1dfa76d0         608      140329518786112      0         0     2
0x1dfa7a60         17     0x1dfa87b0         611      140329499903552      0         0     2
0x1dfa8b40         18     0x1dfa9890         614      140329481020992      0         0     2
0x1dfa9c20         19     0x1dfaa970         617      140329470531136      0         0     2
0x1dfaad00         20     0x1dfaba50         620      140329460041280      0         0     2
0x1dfabde0         21     0x1dfacb30         623      140329449551424      0         0     2
0x1dfacec0         22     0x1dfadc10         626      140329439061568      0         0     2
0x1dfadfa0         23     0x1dfaecf0         629      140329428571712      0         0     2
0x1dfaf080         24     0x1dfafdd0         632      140329418081856      0         0     2
0x1dfb0160         25     0x1dfb0eb0         635      140329407592000      0         0     2
0x1dfb1240         26     0x1dfb1f90         638      140329397102144      0         0     2
0x1dfb2320         27     0x1dfb3070         641      140329386612288      0         0     2
0x1dfb3400         28     0x1dfb4150         644      140329376122432      0         0     2
0x1dfb44e0         29     0x1dfb5230         647      140329365632576      0         0     2
0x1dfb55c0         30     0x1dfb6310         650      140329355142720      0         0     2
0x1dfb66a0         31     0x1dfb73f0         653      140329344652864      0         0     2
--- xtc-rings sample 3 ---
[New LWP 47105]
[New LWP 47104]
0x00007fa790f1017e in epoll_wait () from /lib64/libc.so.6
0x1df73060         0      0x1df73db0         560      140330184091200      14        0     4
0x1df970e0         1      0x1df769a0         563      140330173601344      0         0     3
0x1df97e30         2      0x1df98b80         566      140330163111488      0         0     3
0x1df98ee0         3      0x1df99c30         569      140330152621632      0         0     2
0x1df99f90         4      0x1df9ace0         572      140330070439488      0         0     2
0x1df9b040         5      0x1df9bd90         575      140330059949632      0         0     2
0x1df9c0f0         6      0x1df9ce40         578      140330049459776      0         0     3
0x1df9d1a0         7      0x1df9def0         581      140330038969920      29        0     2
0x1df9e280         8      0x1df9efd0         584      140330028480064      0         0     2
0x1df9f360         9      0x1dfa00b0         587      140330017990208      0         0     2
0x1dfa0440         10     0x1dfa1190         590      140329936221760      0         0     2
0x1dfa1520         11     0x1dfa2270         593      140329925731904      0         0     2
0x1dfa2600         12     0x1dfa3350         596      140329890063936      0         0     2
0x1dfa36e0         13     0x1dfa4430         599      140329734895168      0         0     2
0x1dfa47c0         14     0x1dfa5510         602      140329648870976      0         0     2
0x1dfa58a0         15     0x1dfa65f0         605      140329546061376      0         0     2
0x1dfa6980         16     0x1dfa76d0         608      140329518786112      0         0     2
0x1dfa7a60         17     0x1dfa87b0         611      140329499903552      0         0     2
0x1dfa8b40         18     0x1dfa9890         614      140329481020992      0         0     2
0x1dfa9c20         19     0x1dfaa970         617      140329470531136      0         0     2
0x1dfaad00         20     0x1dfaba50         620      140329460041280      0         0     2
0x1dfabde0         21     0x1dfacb30         623      140329449551424      0         0     2
0x1dfacec0         22     0x1dfadc10         626      140329439061568      0         0     2
0x1dfadfa0         23     0x1dfaecf0         629      140329428571712      0         0     2
0x1dfaf080         24     0x1dfafdd0         632      140329418081856      0         0     2
0x1dfb0160         25     0x1dfb0eb0         635      140329407592000      0         0     2
0x1dfb1240         26     0x1dfb1f90         638      140329397102144      0         0     2
0x1dfb2320         27     0x1dfb3070         641      140329386612288      0         0     2
0x1dfb3400         28     0x1dfb4150         644      140329376122432      0         0     2
0x1dfb44e0         29     0x1dfb5230         647      140329365632576      0         0     2
0x1dfb55c0         30     0x1dfb6310         650      140329355142720      0         0     2
0x1dfb66a0         31     0x1dfb73f0         653      140329344652864      0         0     2
--- ANY ring with ovf=1 across the samples? ---
         28 0 2
          3 0 3
          1 0 4
          1 from /lib64/libc.so.6
OV_COMPLETE hangs=2
