# sb nbuffers arm ticks_per_victim max_ticks claims tps hit_pct runs
8GB 1048576 stock 5.87 1048614 0 613882 99.7064 3
8GB 1048576 stockclaim 5.25 34 6226 615185 99.6909 3
8GB 1048576 hotcool 3.34 1046554 0 614795 99.7071 3
8GB 1048576 claim 3.39 35 1485 613008 99.7067 3
8GB 1048576 precool 3.11 34 1919 611932 99.6836 3
32GB 4194304 stock 2.11 4194342 0 611659 99.5645 3
32GB 4194304 stockclaim 4.26 34 15797 611425 99.5913 3
32GB 4194304 hotcool 1.32 4192282 0 613338 99.6182 3
32GB 4194304 claim 1.32 34 0 611350 99.6166 3
32GB 4194304 precool 1.32 33 0 613318 99.6171 3
