Linux 6.12.107+deb13-cloud-amd64 (ip-172-31-38-203) 	09/12/26 	_x86_64_	(32 CPU)

19:40:53     CPU    %usr   %nice    %sys %iowait    %irq   %soft  %steal  %guest  %gnice   %idle
19:40:54     all   11.83    0.00    3.54   59.44    0.00    2.07    0.00    0.00    0.00   23.13
19:40:54       0    0.00    0.00    0.00   93.07    0.00    6.93    0.00    0.00    0.00    0.00
19:40:54       1    0.00    0.00    0.00   95.96    0.00    4.04    0.00    0.00    0.00    0.00
19:40:54       2    0.00    0.00    0.00    0.00    0.00   13.00    0.00    0.00    0.00   87.00
19:40:54       3    0.00    0.00    0.00    0.00    0.00    9.38    0.00    0.00    0.00   90.62
19:40:54       4    0.00    0.00    0.00   93.94    0.00    6.06    0.00    0.00    0.00    0.00
19:40:54       5    0.00    0.00    0.98   93.14    0.00    5.88    0.00    0.00    0.00    0.00
19:40:54       6    0.00    0.00    0.00   90.20    0.00    9.80    0.00    0.00    0.00    0.00
19:40:54       7    0.00    0.00    0.00    0.00    0.00   11.00    0.00    0.00    0.00   89.00
19:40:54       8    0.00    0.00    0.00  100.00    0.00    0.00    0.00    0.00    0.00    0.00
19:40:54       9    0.00    0.00    0.00  100.00    0.00    0.00    0.00    0.00    0.00    0.00
19:40:54      10    0.00    0.00    0.00    0.00    0.00    0.00    0.00    0.00    0.00  100.00
19:40:54      11   12.00    0.00    3.00    1.00    0.00    0.00    0.00    0.00    0.00   84.00
19:40:54      12    0.00    0.00    0.00  100.00    0.00    0.00    0.00    0.00    0.00    0.00
19:40:54      13   77.55    0.00   20.41    2.04    0.00    0.00    0.00    0.00    0.00    0.00
19:40:54      14    0.00    0.00    0.00  100.00    0.00    0.00    0.00    0.00    0.00    0.00
19:40:54      15    7.00    0.00    1.00    0.00    0.00    0.00    0.00    0.00    0.00   92.00
19:40:54      16    0.00    0.00    0.00  100.00    0.00    0.00    0.00    0.00    0.00    0.00
19:40:54      17    0.00    0.00    0.00  100.00    0.00    0.00    0.00    0.00    0.00    0.00
19:40:54      18   76.77    0.00   22.22    1.01    0.00    0.00    0.00    0.00    0.00    0.00
19:40:54      19   74.75    0.00   24.24    1.01    0.00    0.00    0.00    0.00    0.00    0.00
19:40:54      20    0.00    0.00    0.00  100.00    0.00    0.00    0.00    0.00    0.00    0.00
19:40:54      21    0.00    0.00    0.00  100.00    0.00    0.00    0.00    0.00    0.00    0.00
19:40:54      22    0.00    0.00    0.00  100.00    0.00    0.00    0.00    0.00    0.00    0.00
19:40:54      23    0.00    0.00    0.00  100.00    0.00    0.00    0.00    0.00    0.00    0.00
19:40:54      24    0.00    0.00    0.00  100.00    0.00    0.00    0.00    0.00    0.00    0.00
19:40:54      25    0.00    0.00    0.00  100.00    0.00    0.00    0.00    0.00    0.00    0.00
19:40:54      26    0.00    0.00    0.00    0.00    0.00    0.00    0.00    0.00    0.00  100.00
19:40:54      27   61.62    0.00   22.22   16.16    0.00    0.00    0.00    0.00    0.00    0.00
19:40:54      28    0.00    0.00    0.00  100.00    0.00    0.00    0.00    0.00    0.00    0.00
19:40:54      29    0.00    0.00    0.00  100.00    0.00    0.00    0.00    0.00    0.00    0.00
19:40:54      30    0.00    0.00    0.00    0.00    0.00    0.00    0.00    0.00    0.00  100.00
19:40:54      31   71.29    0.00   19.80    8.91    0.00    0.00    0.00    0.00    0.00    0.00

19:40:54     CPU    %usr   %nice    %sys %iowait    %irq   %soft  %steal  %guest  %gnice   %idle
19:40:55     all   12.04    0.00    3.24   61.95    0.00    1.45    0.00    0.00    0.00   21.32
19:40:55       0    0.00    0.00    0.00   96.91    0.00    3.09    0.00    0.00    0.00    0.00
19:40:55       1    0.00    0.00    0.00   96.97    0.00    3.03    0.00    0.00    0.00    0.00
19:40:55       2    7.45    0.00    1.06    0.00    0.00    8.51    0.00    0.00    0.00   82.98
19:40:55       3    0.00    0.00    0.00    0.00    0.00   11.11    0.00    0.00    0.00   88.89
19:40:55       4    4.12    0.00    0.00   90.72    0.00    5.15    0.00    0.00    0.00    0.00
19:40:55       5    0.00    0.00    0.00   96.00    0.00    4.00    0.00    0.00    0.00    0.00
19:40:55       6    6.19    0.00    1.03   89.69    0.00    3.09    0.00    0.00    0.00    0.00
19:40:55       7   53.54    0.00   11.11    1.01    0.00    9.09    0.00    0.00    0.00   25.25
19:40:55       8    0.00    0.00    0.00  100.00    0.00    0.00    0.00    0.00    0.00    0.00
19:40:55       9    0.00    0.00    0.00  100.00    0.00    0.00    0.00    0.00    0.00    0.00
19:40:55      10    0.00    0.00    0.00    0.00    0.00    0.00    0.00    0.00    0.00  100.00
19:40:55      11    1.98    0.00    0.99    0.00    0.00    0.00    0.00    0.00    0.00   97.03
19:40:55      12    0.00    0.00    0.00  100.00    0.00    0.00    0.00    0.00    0.00    0.00
19:40:55      13   18.00    0.00    9.00   73.00    0.00    0.00    0.00    0.00    0.00    0.00
19:40:55      14    0.00    0.00    0.00  100.00    0.00    0.00    0.00    0.00    0.00    0.00
19:40:55      15    9.00    0.00    2.00    0.00    0.00    0.00    0.00    0.00    0.00   89.00
19:40:55      16    0.00    0.00    0.00  100.00    0.00    0.00    0.00    0.00    0.00    0.00
19:40:55      17    0.00    0.00    0.00  100.00    0.00    0.00    0.00    0.00    0.00    0.00
19:40:55      18   79.80    0.00   19.19    1.01    0.00    0.00    0.00    0.00    0.00    0.00
19:40:55      19   71.00    0.00   24.00    5.00    0.00    0.00    0.00    0.00    0.00    0.00
19:40:55      20    0.00    0.00    1.00   99.00    0.00    0.00    0.00    0.00    0.00    0.00
19:40:55      21    0.00    0.00    0.00  100.00    0.00    0.00    0.00    0.00    0.00    0.00
19:40:55      22    0.00    0.00    0.00  100.00    0.00    0.00    0.00    0.00    0.00    0.00
19:40:55      23    0.00    0.00    0.00  100.00    0.00    0.00    0.00    0.00    0.00    0.00
19:40:55      24    0.00    0.00    0.00  100.00    0.00    0.00    0.00    0.00    0.00    0.00
19:40:55      25    0.00    0.00    0.00  100.00    0.00    0.00    0.00    0.00    0.00    0.00
19:40:55      26    0.00    0.00    0.00    0.00    0.00    0.00    0.00    0.00    0.00  100.00
19:40:55      27   75.76    0.00   21.21    3.03    0.00    0.00    0.00    0.00    0.00    0.00
19:40:55      28    0.00    0.00    0.00  100.00    0.00    0.00    0.00    0.00    0.00    0.00
19:40:55      29   59.60    0.00   13.13   27.27    0.00    0.00    0.00    0.00    0.00    0.00
19:40:55      30    0.00    0.00    0.00    0.00    0.00    0.00    0.00    0.00    0.00  100.00
19:40:55      31    0.00    0.00    0.00  100.00    0.00    0.00    0.00    0.00    0.00    0.00

19:40:55     CPU    %usr   %nice    %sys %iowait    %irq   %soft  %steal  %guest  %gnice   %idle
19:40:56     all   12.10    0.00    3.35   63.68    0.00    1.75    0.00    0.00    0.00   19.12
19:40:56       0    0.00    0.00    0.00   95.92    0.00    4.08    0.00    0.00    0.00    0.00
19:40:56       1    0.00    0.00    0.00   96.97    0.00    3.03    0.00    0.00    0.00    0.00
19:40:56       2    0.00    0.00    0.00    0.00    0.00   10.31    0.00    0.00    0.00   89.69
19:40:56       3    0.00    0.00    0.00    0.00    0.00   11.22    0.00    0.00    0.00   88.78
19:40:56       4    9.09    0.00    2.02   83.84    0.00    5.05    0.00    0.00    0.00    0.00
19:40:56       5    0.00    0.00    0.00   95.96    0.00    4.04    0.00    0.00    0.00    0.00
19:40:56       6    0.00    0.00    0.00   92.93    0.00    7.07    0.00    0.00    0.00    0.00
19:40:56       7    0.00    0.00    0.00    0.00    0.00   11.88    0.00    0.00    0.00   88.12
19:40:56       8    0.00    0.00    0.00  100.00    0.00    0.00    0.00    0.00    0.00    0.00
19:40:56       9    0.99    0.00    0.00   99.01    0.00    0.00    0.00    0.00    0.00    0.00
19:40:56      10    0.00    0.00    0.00    0.00    0.00    0.00    0.00    0.00    0.00  100.00
19:40:56      11   52.53    0.00   12.12    0.00    0.00    0.00    0.00    0.00    0.00   35.35
19:40:56      12    0.00    0.00    0.00  100.00    0.00    0.00    0.00    0.00    0.00    0.00
19:40:56      13    0.00    0.00    0.00  100.00    0.00    0.00    0.00    0.00    0.00    0.00
19:40:56      14    0.00    0.00    0.00  100.00    0.00    0.00    0.00    0.00    0.00    0.00
19:40:56      15   70.00    0.00   17.00    1.00    0.00    0.00    0.00    0.00    0.00   12.00
19:40:56      16    0.00    0.00    0.00  100.00    0.00    0.00    0.00    0.00    0.00    0.00
19:40:56      17    0.00    0.00    0.00  100.00    0.00    0.00    0.00    0.00    0.00    0.00
19:40:56      18   81.82    0.00   17.17    1.01    0.00    0.00    0.00    0.00    0.00    0.00
19:40:56      19   74.00    0.00   24.00    2.00    0.00    0.00    0.00    0.00    0.00    0.00
19:40:56      20    0.00    0.00    0.00  100.00    0.00    0.00    0.00    0.00    0.00    0.00
19:40:56      21    0.00    0.00    0.00  100.00    0.00    0.00    0.00    0.00    0.00    0.00
19:40:56      22    0.00    0.00    0.00  100.00    0.00    0.00    0.00    0.00    0.00    0.00
19:40:56      23    0.00    0.00    0.00  100.00    0.00    0.00    0.00    0.00    0.00    0.00
19:40:56      24    0.00    0.00    0.00  100.00    0.00    0.00    0.00    0.00    0.00    0.00
19:40:56      25    0.00    0.00    0.00  100.00    0.00    0.00    0.00    0.00    0.00    0.00
19:40:56      26    0.00    0.00    0.00    0.00    0.00    0.00    0.00    0.00    0.00  100.00
19:40:56      27   25.74    0.00    8.91   65.35    0.00    0.00    0.00    0.00    0.00    0.00
19:40:56      28    0.00    0.00    0.00  100.00    0.00    0.00    0.00    0.00    0.00    0.00
19:40:56      29   72.28    0.00   25.74    1.98    0.00    0.00    0.00    0.00    0.00    0.00
19:40:56      30    0.00    0.00    0.00    0.00    0.00    0.00    0.00    0.00    0.00  100.00
19:40:56      31    0.00    0.00    0.00  100.00    0.00    0.00    0.00    0.00    0.00    0.00

19:40:56     CPU    %usr   %nice    %sys %iowait    %irq   %soft  %steal  %guest  %gnice   %idle
19:40:57     all   12.21    0.00    3.29   59.84    0.00    1.82    0.00    0.00    0.00   22.84
19:40:57       0    0.00    0.00    0.00   94.00    0.00    6.00    0.00    0.00    0.00    0.00
19:40:57       1    0.00    0.00    0.00   97.96    0.00    2.04    0.00    0.00    0.00    0.00
19:40:57       2    0.00    0.00    0.00    0.00    0.00   11.22    0.00    0.00    0.00   88.78
19:40:57       3    0.00    0.00    0.00    0.00    0.00   12.12    0.00    0.00    0.00   87.88
19:40:57       4    0.00    0.00    0.00   94.90    0.00    5.10    0.00    0.00    0.00    0.00
19:40:57       5    0.00    0.00    0.00   94.06    0.00    5.94    0.00    0.00    0.00    0.00
19:40:57       6    0.00    0.00    0.00   93.94    0.00    6.06    0.00    0.00    0.00    0.00
19:40:57       7    0.00    0.00    0.00    0.00    0.00   10.20    0.00    0.00    0.00   89.80
19:40:57       8    0.00    0.00    0.00  100.00    0.00    0.00    0.00    0.00    0.00    0.00
19:40:57       9    0.00    0.00    0.00  100.00    0.00    0.00    0.00    0.00    0.00    0.00
19:40:57      10    0.00    0.00    0.00    0.00    0.00    0.00    0.00    0.00    0.00  100.00
19:40:57      11    2.02    0.00    2.02    0.00    0.00    0.00    0.00    0.00    0.00   95.96
19:40:57      12    0.00    0.00    0.00  100.00    0.00    0.00    0.00    0.00    0.00    0.00
19:40:57      13    6.00    0.00    1.00   93.00    0.00    0.00    0.00    0.00    0.00    0.00
19:40:57      14    0.00    0.00    0.00  100.00    0.00    0.00    0.00    0.00    0.00    0.00
19:40:57      15   23.23    0.00    5.05    0.00    0.00    0.00    0.00    0.00    0.00   71.72
19:40:57      16    0.00    0.00    0.00  100.00    0.00    0.00    0.00    0.00    0.00    0.00
19:40:57      17    0.00    0.00    0.00  100.00    0.00    0.00    0.00    0.00    0.00    0.00
19:40:57      18   79.21    0.00   19.80    0.99    0.00    0.00    0.00    0.00    0.00    0.00
19:40:57      19   76.53    0.00   22.45    1.02    0.00    0.00    0.00    0.00    0.00    0.00
19:40:57      20    0.00    0.00    0.00  100.00    0.00    0.00    0.00    0.00    0.00    0.00
19:40:57      21    0.00    0.00    0.00  100.00    0.00    0.00    0.00    0.00    0.00    0.00
19:40:57      22    0.00    0.00    0.00  100.00    0.00    0.00    0.00    0.00    0.00    0.00
19:40:57      23    0.00    0.00    0.00  100.00    0.00    0.00    0.00    0.00    0.00    0.00
19:40:57      24    0.00    0.00    0.00  100.00    0.00    0.00    0.00    0.00    0.00    0.00
19:40:57      25    0.00    0.00    0.00  100.00    0.00    0.00    0.00    0.00    0.00    0.00
19:40:57      26    0.00    0.00    0.00    0.00    0.00    0.00    0.00    0.00    0.00  100.00
19:40:57      27   74.00    0.00   21.00    5.00    0.00    0.00    0.00    0.00    0.00    0.00
19:40:57      28    0.00    0.00    0.00  100.00    0.00    0.00    0.00    0.00    0.00    0.00
19:40:57      29   72.00    0.00   20.00    8.00    0.00    0.00    0.00    0.00    0.00    0.00
19:40:57      30    0.00    0.00    0.00    0.00    0.00    0.00    0.00    0.00    0.00  100.00
19:40:57      31   57.00    0.00   14.00   29.00    0.00    0.00    0.00    0.00    0.00    0.00

19:40:57     CPU    %usr   %nice    %sys %iowait    %irq   %soft  %steal  %guest  %gnice   %idle
19:40:58     all   11.95    0.00    3.43   62.23    0.00    1.64    0.00    0.00    0.00   20.75
19:40:58       0    0.00    0.00    1.00   95.00    0.00    4.00    0.00    0.00    0.00    0.00
19:40:58       1    0.00    0.00    0.00   97.96    0.00    2.04    0.00    0.00    0.00    0.00
19:40:58       2    0.00    0.00    0.00    0.00    0.00   14.85    0.00    0.00    0.00   85.15
19:40:58       3    0.00    0.00    0.00    0.00    0.00    8.42    0.00    0.00    0.00   91.58
19:40:58       4    0.00    0.00    0.00   95.92    0.00    4.08    0.00    0.00    0.00    0.00
19:40:58       5    0.00    0.00    0.00   96.94    0.00    3.06    0.00    0.00    0.00    0.00
19:40:58       6    0.00    0.00    0.00   94.90    0.00    5.10    0.00    0.00    0.00    0.00
19:40:58       7    0.00    0.00    0.00    0.00    0.00   11.00    0.00    0.00    0.00   89.00
19:40:58       8    0.00    0.00    0.00  100.00    0.00    0.00    0.00    0.00    0.00    0.00
19:40:58       9    0.00    0.00    0.00  100.00    0.00    0.00    0.00    0.00    0.00    0.00
19:40:58      10    0.00    0.00    0.00    0.00    0.00    0.00    0.00    0.00    0.00  100.00
19:40:58      11   72.73    0.00   26.26    1.01    0.00    0.00    0.00    0.00    0.00    0.00
19:40:58      12   69.39    0.00   17.35   13.27    0.00    0.00    0.00    0.00    0.00    0.00
19:40:58      13   10.00    0.00    2.00   88.00    0.00    0.00    0.00    0.00    0.00    0.00
19:40:58      14    0.00    0.00    0.00  100.00    0.00    0.00    0.00    0.00    0.00    0.00
19:40:58      15    1.00    0.00    1.00    0.00    0.00    0.00    0.00    0.00    0.00   98.00
19:40:58      16    0.00    0.00    0.00  100.00    0.00    0.00    0.00    0.00    0.00    0.00
19:40:58      17    0.00    0.00    0.00  100.00    0.00    0.00    0.00    0.00    0.00    0.00
19:40:58      18   78.00    0.00   21.00    1.00    0.00    0.00    0.00    0.00    0.00    0.00
19:40:58      19   82.65    0.00   16.33    1.02    0.00    0.00    0.00    0.00    0.00    0.00
19:40:58      20    0.00    0.00    0.00  100.00    0.00    0.00    0.00    0.00    0.00    0.00
19:40:58      21    0.00    0.00    0.00  100.00    0.00    0.00    0.00    0.00    0.00    0.00
19:40:58      22    0.00    0.00    0.00  100.00    0.00    0.00    0.00    0.00    0.00    0.00
19:40:58      23    0.00    0.00    0.00  100.00    0.00    0.00    0.00    0.00    0.00    0.00
19:40:58      24    0.00    0.00    0.00  100.00    0.00    0.00    0.00    0.00    0.00    0.00
19:40:58      25    0.00    0.00    0.00  100.00    0.00    0.00    0.00    0.00    0.00    0.00
19:40:58      26    0.00    0.00    0.00    0.00    0.00    0.00    0.00    0.00    0.00  100.00
19:40:58      27    0.00    0.00    0.00  100.00    0.00    0.00    0.00    0.00    0.00    0.00
19:40:58      28    0.00    0.00    0.00  100.00    0.00    0.00    0.00    0.00    0.00    0.00
19:40:58      29    0.00    0.00    0.00  100.00    0.00    0.00    0.00    0.00    0.00    0.00
19:40:58      30    0.00    0.00    0.00    0.00    0.00    0.00    0.00    0.00    0.00  100.00
19:40:58      31   71.43    0.00   25.51    3.06    0.00    0.00    0.00    0.00    0.00    0.00

19:40:58     CPU    %usr   %nice    %sys %iowait    %irq   %soft  %steal  %guest  %gnice   %idle
19:40:59     all   12.28    0.00    3.30   65.25    0.00    1.57    0.00    0.00    0.00   17.59
19:40:59       0    0.00    0.00    0.00   96.91    0.00    3.09    0.00    0.00    0.00    0.00
19:40:59       1    0.00    0.00    0.00   96.97    0.00    3.03    0.00    0.00    0.00    0.00
19:40:59       2    0.00    0.00    0.00    0.00    0.00    9.38    0.00    0.00    0.00   90.62
19:40:59       3    0.00    0.00    0.00    0.00    0.00    8.51    0.00    0.00    0.00   91.49
19:40:59       4    0.00    0.00    0.00   95.88    0.00    4.12    0.00    0.00    0.00    0.00
19:40:59       5    0.00    0.00    0.00   94.06    0.00    5.94    0.00    0.00    0.00    0.00
19:40:59       6    0.00    0.00    0.00   93.88    0.00    6.12    0.00    0.00    0.00    0.00
19:40:59       7    0.00    0.00    1.00    0.00    0.00   11.00    0.00    0.00    0.00   88.00
19:40:59       8    0.00    0.00    0.00  100.00    0.00    0.00    0.00    0.00    0.00    0.00
19:40:59       9    0.99    0.00    0.00   99.01    0.00    0.00    0.00    0.00    0.00    0.00
19:40:59      10    0.00    0.00    0.00    2.00    0.00    0.00    0.00    0.00    0.00   98.00
19:40:59      11   78.43    0.00   19.61    0.98    0.00    0.00    0.00    0.00    0.00    0.98
19:40:59      12   30.69    0.00    8.91   60.40    0.00    0.00    0.00    0.00    0.00    0.00
19:40:59      13    0.00    0.00    0.00  100.00    0.00    0.00    0.00    0.00    0.00    0.00
19:40:59      14    0.00    0.00    0.00  100.00    0.00    0.00    0.00    0.00    0.00    0.00
19:40:59      15   80.00    0.00   19.00    1.00    0.00    0.00    0.00    0.00    0.00    0.00
19:40:59      16    0.00    0.00    0.00  100.00    0.00    0.00    0.00    0.00    0.00    0.00
19:40:59      17    0.00    0.00    0.00  100.00    0.00    0.00    0.00    0.00    0.00    0.00
19:40:59      18   78.79    0.00   20.20    1.01    0.00    0.00    0.00    0.00    0.00    0.00
19:40:59      19   75.00    0.00   23.00    2.00    0.00    0.00    0.00    0.00    0.00    0.00
19:40:59      20    0.00    0.00    0.00  100.00    0.00    0.00    0.00    0.00    0.00    0.00
19:40:59      21    0.00    0.00    0.00  100.00    0.00    0.00    0.00    0.00    0.00    0.00
19:40:59      22    0.00    0.00    0.00  100.00    0.00    0.00    0.00    0.00    0.00    0.00
19:40:59      23    0.00    0.00    0.00  100.00    0.00    0.00    0.00    0.00    0.00    0.00
19:40:59      24    0.00    0.00    0.00  100.00    0.00    0.00    0.00    0.00    0.00    0.00
19:40:59      25    0.00    0.00    0.00  100.00    0.00    0.00    0.00    0.00    0.00    0.00
19:40:59      26    0.00    0.00    0.00    0.00    0.00    0.00    0.00    0.00    0.00  100.00
19:40:59      27    0.00    0.00    0.00  100.00    0.00    0.00    0.00    0.00    0.00    0.00
19:40:59      28   46.46    0.00   13.13   40.40    0.00    0.00    0.00    0.00    0.00    0.00
19:40:59      29    0.00    0.00    0.00  100.00    0.00    0.00    0.00    0.00    0.00    0.00
19:40:59      30    0.00    0.00    0.00    0.00    0.00    0.00    0.00    0.00    0.00  100.00
19:40:59      31    0.00    0.00    0.00  100.00    0.00    0.00    0.00    0.00    0.00    0.00

19:40:59     CPU    %usr   %nice    %sys %iowait    %irq   %soft  %steal  %guest  %gnice   %idle
19:41:00     all   12.17    0.00    3.49   60.04    0.00    1.57    0.03    0.00    0.00   22.70
19:41:00       0    0.00    0.00    0.00   96.91    0.00    2.06    1.03    0.00    0.00    0.00
19:41:00       1    0.00    0.00    0.00   96.94    0.00    3.06    0.00    0.00    0.00    0.00
19:41:00       2    0.00    0.00    0.00    0.00    0.00   13.00    0.00    0.00    0.00   87.00
19:41:00       3    0.00    0.00    0.00    0.00    0.00    9.38    0.00    0.00    0.00   90.62
19:41:00       4    0.00    0.00    0.00   95.88    0.00    4.12    0.00    0.00    0.00    0.00
19:41:00       5    0.00    0.00    0.00   93.14    0.00    6.86    0.00    0.00    0.00    0.00
19:41:00       6    0.00    0.00    0.00   94.90    0.00    5.10    0.00    0.00    0.00    0.00
19:41:00       7    0.00    0.00    0.00    0.00    0.00    7.29    0.00    0.00    0.00   92.71
19:41:00       8    0.00    0.00    0.00  100.00    0.00    0.00    0.00    0.00    0.00    0.00
19:41:00       9    0.00    0.00    0.00  100.00    0.00    0.00    0.00    0.00    0.00    0.00
19:41:00      10    0.00    0.00    2.02   11.11    0.00    0.00    0.00    0.00    0.00   86.87
19:41:00      11   12.12    0.00    4.04    0.00    0.00    0.00    0.00    0.00    0.00   83.84
19:41:00      12    2.00    0.00    1.00   97.00    0.00    0.00    0.00    0.00    0.00    0.00
19:41:00      13    0.00    0.00    0.00  100.00    0.00    0.00    0.00    0.00    0.00    0.00
19:41:00      14    0.00    0.00    0.00  100.00    0.00    0.00    0.00    0.00    0.00    0.00
19:41:00      15    7.92    0.00    2.97    0.00    0.00    0.00    0.00    0.00    0.00   89.11
19:41:00      16    0.00    0.00    0.00  100.00    0.00    0.00    0.00    0.00    0.00    0.00
19:41:00      17    0.00    0.00    0.00  100.00    0.00    0.00    0.00    0.00    0.00    0.00
19:41:00      18   78.00    0.00   21.00    1.00    0.00    0.00    0.00    0.00    0.00    0.00
19:41:00      19   77.00    0.00   22.00    1.00    0.00    0.00    0.00    0.00    0.00    0.00
19:41:00      20    0.00    0.00    0.00  100.00    0.00    0.00    0.00    0.00    0.00    0.00
19:41:00      21    0.00    0.00    0.00  100.00    0.00    0.00    0.00    0.00    0.00    0.00
19:41:00      22    0.00    0.00    0.00  100.00    0.00    0.00    0.00    0.00    0.00    0.00
19:41:00      23    0.00    0.00    0.00  100.00    0.00    0.00    0.00    0.00    0.00    0.00
19:41:00      24    0.00    0.00    0.00  100.00    0.00    0.00    0.00    0.00    0.00    0.00
19:41:00      25    0.00    0.00    0.00  100.00    0.00    0.00    0.00    0.00    0.00    0.00
19:41:00      26    0.00    0.00    0.00    0.00    0.00    0.00    0.00    0.00    0.00  100.00
19:41:00      27   64.65    0.00   18.18   17.17    0.00    0.00    0.00    0.00    0.00    0.00
19:41:00      28   73.00    0.00   22.00    5.00    0.00    0.00    0.00    0.00    0.00    0.00
19:41:00      29    0.00    0.00    1.01   98.99    0.00    0.00    0.00    0.00    0.00    0.00
19:41:00      30    0.00    0.00    0.00    0.00    0.00    0.00    0.00    0.00    0.00  100.00
19:41:00      31   72.28    0.00   16.83   10.89    0.00    0.00    0.00    0.00    0.00    0.00

19:41:00     CPU    %usr   %nice    %sys %iowait    %irq   %soft  %steal  %guest  %gnice   %idle
19:41:01     all   12.28    0.00    3.14   58.93    0.00    1.76    0.00    0.00    0.00   23.89
19:41:01       0    0.00    0.00    0.00   96.91    0.00    3.09    0.00    0.00    0.00    0.00
19:41:01       1    0.00    0.00    0.00   94.12    0.00    5.88    0.00    0.00    0.00    0.00
19:41:01       2    0.00    0.00    0.00    0.00    0.00   13.00    0.00    0.00    0.00   87.00
19:41:01       3    0.00    0.00    0.00    0.00    0.00    8.42    0.00    0.00    0.00   91.58
19:41:01       4    0.00    0.00    0.00   95.88    0.00    4.12    0.00    0.00    0.00    0.00
19:41:01       5    8.08    0.00    2.02   84.85    0.00    5.05    0.00    0.00    0.00    0.00
19:41:01       6    0.00    0.00    0.00   93.94    0.00    6.06    0.00    0.00    0.00    0.00
19:41:01       7    0.00    0.00    0.00    0.00    0.00   11.22    0.00    0.00    0.00   88.78
19:41:01       8    0.00    0.00    0.00  100.00    0.00    0.00    0.00    0.00    0.00    0.00
19:41:01       9    0.00    0.00    0.00  100.00    0.00    0.00    0.00    0.00    0.00    0.00
19:41:01      10    0.00    0.00    0.00    0.00    0.00    0.00    0.00    0.00    0.00  100.00
19:41:01      11    0.00    0.00    0.00    0.00    0.00    0.00    0.00    0.00    0.00  100.00
19:41:01      12   56.57    0.00   17.17   26.26    0.00    0.00    0.00    0.00    0.00    0.00
19:41:01      13   11.88    0.00    1.98   86.14    0.00    0.00    0.00    0.00    0.00    0.00
19:41:01      14    0.00    0.00    0.00  100.00    0.00    0.00    0.00    0.00    0.00    0.00
19:41:01      15    0.00    0.00    0.00    0.00    0.00    0.00    0.00    0.00    0.00  100.00
19:41:01      16    0.00    0.00    0.00  100.00    0.00    0.00    0.00    0.00    0.00    0.00
19:41:01      17    0.00    0.00    0.00  100.00    0.00    0.00    0.00    0.00    0.00    0.00
19:41:01      18   80.00    0.00   19.00    1.00    0.00    0.00    0.00    0.00    0.00    0.00
19:41:01      19   78.00    0.00   21.00    1.00    0.00    0.00    0.00    0.00    0.00    0.00
19:41:01      20    0.00    0.00    0.00  100.00    0.00    0.00    0.00    0.00    0.00    0.00
19:41:01      21    0.00    0.00    0.00  100.00    0.00    0.00    0.00    0.00    0.00    0.00
19:41:01      22    0.00    0.00    0.00  100.00    0.00    0.00    0.00    0.00    0.00    0.00
19:41:01      23    0.00    0.00    0.00  100.00    0.00    0.00    0.00    0.00    0.00    0.00
19:41:01      24    0.00    0.00    0.00  100.00    0.00    0.00    0.00    0.00    0.00    0.00
19:41:01      25    0.00    0.00    0.00  100.00    0.00    0.00    0.00    0.00    0.00    0.00
19:41:01      26    0.00    0.00    0.00    0.00    0.00    0.00    0.00    0.00    0.00  100.00
19:41:01      27   76.77    0.00   22.22    1.01    0.00    0.00    0.00    0.00    0.00    0.00
19:41:01      28    0.00    0.00    0.00  100.00    0.00    0.00    0.00    0.00    0.00    0.00
19:41:01      29    0.00    0.00    0.00  100.00    0.00    0.00    0.00    0.00    0.00    0.00
19:41:01      30    0.00    0.00    0.00    0.00    0.00    0.00    0.00    0.00    0.00  100.00
19:41:01      31   81.82    0.00   17.17    1.01    0.00    0.00    0.00    0.00    0.00    0.00

19:41:01     CPU    %usr   %nice    %sys %iowait    %irq   %soft  %steal  %guest  %gnice   %idle
19:41:02     all   12.10    0.00    3.49   59.35    0.00    1.51    0.00    0.00    0.00   23.55
19:41:02       0    0.00    0.00    0.00   95.92    0.00    4.08    0.00    0.00    0.00    0.00
19:41:02       1    0.00    0.00    0.00   98.97    0.00    1.03    0.00    0.00    0.00    0.00
19:41:02       2    0.00    0.00    0.00    0.00    0.00    9.38    0.00    0.00    0.00   90.62
19:41:02       3    0.00    0.00    0.00    0.00    0.00   10.42    0.00    0.00    0.00   89.58
19:41:02       4    0.00    0.00    0.00   95.88    0.00    4.12    0.00    0.00    0.00    0.00
19:41:02       5    0.00    0.00    0.00   96.94    0.00    3.06    0.00    0.00    0.00    0.00
19:41:02       6    0.00    0.00    0.00   92.00    0.00    8.00    0.00    0.00    0.00    0.00
19:41:02       7    0.00    0.00    0.00    0.00    0.00    9.18    0.00    0.00    0.00   90.82
19:41:02       8    0.00    0.00    0.00  100.00    0.00    0.00    0.00    0.00    0.00    0.00
19:41:02       9    0.00    0.00    0.00  100.00    0.00    0.00    0.00    0.00    0.00    0.00
19:41:02      10    5.00    0.00    0.00    0.00    0.00    0.00    0.00    0.00    0.00   95.00
19:41:02      11    0.00    0.00    0.00    0.00    0.00    0.00    0.00    0.00    0.00  100.00
19:41:02      12   77.00    0.00   22.00    1.00    0.00    0.00    0.00    0.00    0.00    0.00
19:41:02      13    0.00    0.00    0.00  100.00    0.00    0.00    0.00    0.00    0.00    0.00
19:41:02      14    0.00    0.00    0.00  100.00    0.00    0.00    0.00    0.00    0.00    0.00
19:41:02      15    6.00    0.00    2.00    0.00    0.00    0.00    0.00    0.00    0.00   92.00
19:41:02      16    0.00    0.00    0.00  100.00    0.00    0.00    0.00    0.00    0.00    0.00
19:41:02      17    0.00    0.00    0.00  100.00    0.00    0.00    0.00    0.00    0.00    0.00
19:41:02      18   78.00    0.00   21.00    1.00    0.00    0.00    0.00    0.00    0.00    0.00
19:41:02      19   74.26    0.00   23.76    1.98    0.00    0.00    0.00    0.00    0.00    0.00
19:41:02      20    0.00    0.00    0.00  100.00    0.00    0.00    0.00    0.00    0.00    0.00
19:41:02      21    0.00    0.00    0.00  100.00    0.00    0.00    0.00    0.00    0.00    0.00
19:41:02      22    0.00    0.00    0.00  100.00    0.00    0.00    0.00    0.00    0.00    0.00
19:41:02      23    0.00    0.00    0.00  100.00    0.00    0.00    0.00    0.00    0.00    0.00
19:41:02      24    0.00    0.00    0.00  100.00    0.00    0.00    0.00    0.00    0.00    0.00
19:41:02      25    0.00    0.00    0.00  100.00    0.00    0.00    0.00    0.00    0.00    0.00
19:41:02      26    0.00    0.00    0.00    0.00    0.00    0.00    0.00    0.00    0.00  100.00
19:41:02      27   70.30    0.00   23.76    5.94    0.00    0.00    0.00    0.00    0.00    0.00
19:41:02      28    0.00    0.00    0.00  100.00    0.00    0.00    0.00    0.00    0.00    0.00
19:41:02      29    0.00    0.00    0.00  100.00    0.00    0.00    0.00    0.00    0.00    0.00
19:41:02      30    0.00    0.00    0.00    0.00    0.00    0.00    0.00    0.00    0.00  100.00
19:41:02      31   73.00    0.00   18.00    9.00    0.00    0.00    0.00    0.00    0.00    0.00

19:41:02     CPU    %usr   %nice    %sys %iowait    %irq   %soft  %steal  %guest  %gnice   %idle
19:41:03     all   11.95    0.00    3.45   65.11    0.00    1.88    0.00    0.00    0.00   17.60
19:41:03       0    0.00    0.00    0.00   96.91    0.00    3.09    0.00    0.00    0.00    0.00
19:41:03       1    0.00    0.00    0.00   96.97    0.00    3.03    0.00    0.00    0.00    0.00
19:41:03       2    0.00    0.00    0.00    0.00    0.00    9.38    0.00    0.00    0.00   90.62
19:41:03       3    0.00    0.00    0.00    0.00    0.00   12.12    0.00    0.00    0.00   87.88
19:41:03       4    0.00    0.00    0.00   93.94    0.00    6.06    0.00    0.00    0.00    0.00
19:41:03       5    0.00    0.00    0.00   92.23    0.00    7.77    0.00    0.00    0.00    0.00
19:41:03       6    0.00    0.00    0.00   92.08    0.00    7.92    0.00    0.00    0.00    0.00
19:41:03       7    0.00    0.00    0.00    0.00    0.00   11.11    0.00    0.00    0.00   88.89
19:41:03       8    0.00    0.00    0.00  100.00    0.00    0.00    0.00    0.00    0.00    0.00
19:41:03       9    0.00    0.00    0.00  100.00    0.00    0.00    0.00    0.00    0.00    0.00
19:41:03      10   13.00    0.00    5.00    0.00    0.00    0.00    0.00    0.00    0.00   82.00
19:41:03      11    0.00    0.00    0.00    0.00    0.00    0.00    0.00    0.00    0.00  100.00
19:41:03      12   24.00    0.00    6.00   70.00    0.00    0.00    0.00    0.00    0.00    0.00
19:41:03      13    0.00    0.00    0.00  100.00    0.00    0.00    0.00    0.00    0.00    0.00
19:41:03      14    0.00    0.00    0.00  100.00    0.00    0.00    0.00    0.00    0.00    0.00
19:41:03      15   76.53    0.00   22.45    1.02    0.00    0.00    0.00    0.00    0.00    0.00
19:41:03      16    0.00    0.00    0.00  100.00    0.00    0.00    0.00    0.00    0.00    0.00
19:41:03      17    0.00    0.00    0.00  100.00    0.00    0.00    0.00    0.00    0.00    0.00
19:41:03      18   77.55    0.00   21.43    1.02    0.00    0.00    0.00    0.00    0.00    0.00
19:41:03      19   76.77    0.00   22.22    1.01    0.00    0.00    0.00    0.00    0.00    0.00
19:41:03      20    0.00    0.00    0.00  100.00    0.00    0.00    0.00    0.00    0.00    0.00
19:41:03      21    0.00    0.00    0.00  100.00    0.00    0.00    0.00    0.00    0.00    0.00
19:41:03      22    0.00    0.00    0.00  100.00    0.00    0.00    0.00    0.00    0.00    0.00
19:41:03      23    0.00    0.00    0.00  100.00    0.00    0.00    0.00    0.00    0.00    0.00
19:41:03      24    0.00    0.00    0.00  100.00    0.00    0.00    0.00    0.00    0.00    0.00
19:41:03      25    0.00    0.00    0.00  100.00    0.00    0.00    0.00    0.00    0.00    0.00
19:41:03      26   62.63    0.00   19.19    1.01    0.00    0.00    0.00    0.00    0.00   17.17
19:41:03      27    0.00    0.00    0.00  100.00    0.00    0.00    0.00    0.00    0.00    0.00
19:41:03      28   54.46    0.00   14.85   30.69    0.00    0.00    0.00    0.00    0.00    0.00
19:41:03      29    0.00    0.00    0.00  100.00    0.00    0.00    0.00    0.00    0.00    0.00
19:41:03      30    0.00    0.00    0.00    0.00    0.00    0.00    0.00    0.00    0.00  100.00
19:41:03      31    0.00    0.00    0.00  100.00    0.00    0.00    0.00    0.00    0.00    0.00

19:41:03     CPU    %usr   %nice    %sys %iowait    %irq   %soft  %steal  %guest  %gnice   %idle
19:41:04     all   11.84    0.00    3.52   65.19    0.00    1.70    0.03    0.00    0.00   17.72
19:41:04       0    0.00    0.00    0.00   94.95    0.00    5.05    0.00    0.00    0.00    0.00
19:41:04       1    0.00    0.00    0.00   96.97    0.00    3.03    0.00    0.00    0.00    0.00
19:41:04       2    0.00    0.00    1.01    0.00    0.00   11.11    0.00    0.00    0.00   87.88
19:41:04       3    0.00    0.00    0.00    0.00    0.00    6.45    0.00    0.00    0.00   93.55
19:41:04       4    0.00    0.00    0.00   95.88    0.00    4.12    0.00    0.00    0.00    0.00
19:41:04       5    0.00    0.00    0.00   92.23    0.00    7.77    0.00    0.00    0.00    0.00
19:41:04       6    0.00    0.00    0.00   93.94    0.00    6.06    0.00    0.00    0.00    0.00
19:41:04       7    0.00    0.00    0.00    0.00    0.00   11.00    0.00    0.00    0.00   89.00
19:41:04       8    0.00    0.00    0.00  100.00    0.00    0.00    0.00    0.00    0.00    0.00
19:41:04       9    0.00    0.00    0.00  100.00    0.00    0.00    0.00    0.00    0.00    0.00
19:41:04      10    0.00    0.00    0.00    0.00    0.00    0.00    0.00    0.00    0.00  100.00
19:41:04      11    0.00    0.00    0.00    0.00    0.00    0.00    0.00    0.00    0.00  100.00
19:41:04      12    0.00    0.00    0.00  100.00    0.00    0.00    0.00    0.00    0.00    0.00
19:41:04      13    0.00    0.00    0.00  100.00    0.00    0.00    0.00    0.00    0.00    0.00
19:41:04      14    0.00    0.00    0.00  100.00    0.00    0.00    0.00    0.00    0.00    0.00
19:41:04      15   76.00    0.00   23.00    1.00    0.00    0.00    0.00    0.00    0.00    0.00
19:41:04      16    0.00    0.00    0.00   99.01    0.00    0.00    0.99    0.00    0.00    0.00
19:41:04      17    0.00    0.00    0.00  100.00    0.00    0.00    0.00    0.00    0.00    0.00
19:41:04      18   74.75    0.00   24.24    1.01    0.00    0.00    0.00    0.00    0.00    0.00
19:41:04      19   80.81    0.00   18.18    1.01    0.00    0.00    0.00    0.00    0.00    0.00
19:41:04      20    0.00    0.00    0.00  100.00    0.00    0.00    0.00    0.00    0.00    0.00
19:41:04      21    0.00    0.00    0.00  100.00    0.00    0.00    0.00    0.00    0.00    0.00
19:41:04      22    0.00    0.00    0.00  100.00    0.00    0.00    0.00    0.00    0.00    0.00
19:41:04      23    0.00    0.00    0.00  100.00    0.00    0.00    0.00    0.00    0.00    0.00
19:41:04      24    0.00    0.00    0.00  100.00    0.00    0.00    0.00    0.00    0.00    0.00
19:41:04      25    0.00    0.00    0.00  100.00    0.00    0.00    0.00    0.00    0.00    0.00
19:41:04      26   71.00    0.00   27.00    1.00    0.00    0.00    0.00    0.00    0.00    1.00
19:41:04      27    0.00    0.00    0.00  100.00    0.00    0.00    0.00    0.00    0.00    0.00
19:41:04      28   78.35    0.00   19.59    2.06    0.00    0.00    0.00    0.00    0.00    0.00
19:41:04      29    0.00    0.00    0.00  100.00    0.00    0.00    0.00    0.00    0.00    0.00
19:41:04      30    0.00    0.00    0.00    0.00    0.00    0.00    0.00    0.00    0.00  100.00
19:41:04      31    0.00    0.00    0.00  100.00    0.00    0.00    0.00    0.00    0.00    0.00

19:41:04     CPU    %usr   %nice    %sys %iowait    %irq   %soft  %steal  %guest  %gnice   %idle
19:41:05     all   12.18    0.00    3.29   63.22    0.00    1.85    0.00    0.00    0.00   19.47
19:41:05       0    0.00    0.00    0.00   94.95    0.00    5.05    0.00    0.00    0.00    0.00
19:41:05       1    0.00    0.00    0.00   96.94    0.00    3.06    0.00    0.00    0.00    0.00
19:41:05       2    0.00    0.00    0.00    0.00    0.00   12.12    0.00    0.00    0.00   87.88
19:41:05       3    0.00    0.00    0.00    0.00    0.00   11.22    0.00    0.00    0.00   88.78
19:41:05       4    8.91    0.00    1.98   80.20    0.00    8.91    0.00    0.00    0.00    0.00
19:41:05       5    0.00    0.00    0.00   96.00    0.00    4.00    0.00    0.00    0.00    0.00
19:41:05       6    0.00    0.00    0.00   95.88    0.00    4.12    0.00    0.00    0.00    0.00
19:41:05       7    0.00    0.00    0.00    0.00    0.00   11.00    0.00    0.00    0.00   89.00
19:41:05       8    0.00    0.00    0.00  100.00    0.00    0.00    0.00    0.00    0.00    0.00
19:41:05       9    0.00    0.00    0.00  100.00    0.00    0.00    0.00    0.00    0.00    0.00
19:41:05      10    0.00    0.00    0.00    0.00    0.00    0.00    0.00    0.00    0.00  100.00
19:41:05      11    0.00    0.00    0.00    0.00    0.00    0.00    0.00    0.00    0.00  100.00
19:41:05      12    0.00    0.00    0.00  100.00    0.00    0.00    0.00    0.00    0.00    0.00
19:41:05      13    0.00    0.00    0.00  100.00    0.00    0.00    0.00    0.00    0.00    0.00
19:41:05      14    0.00    0.00    0.00  100.00    0.00    0.00    0.00    0.00    0.00    0.00
19:41:05      15   32.35    0.00    8.82    0.98    0.00    0.00    0.00    0.00    0.00   57.84
19:41:05      16    0.00    0.00    0.00  100.00    0.00    0.00    0.00    0.00    0.00    0.00
19:41:05      17    0.00    0.00    0.00  100.00    0.00    0.00    0.00    0.00    0.00    0.00
19:41:05      18   79.21    0.00   19.80    0.99    0.00    0.00    0.00    0.00    0.00    0.00
19:41:05      19   79.00    0.00   19.00    2.00    0.00    0.00    0.00    0.00    0.00    0.00
19:41:05      20    0.00    0.00    0.00  100.00    0.00    0.00    0.00    0.00    0.00    0.00
19:41:05      21    0.00    0.00    0.00  100.00    0.00    0.00    0.00    0.00    0.00    0.00
19:41:05      22    0.00    0.00    0.00  100.00    0.00    0.00    0.00    0.00    0.00    0.00
19:41:05      23    0.00    0.00    0.00  100.00    0.00    0.00    0.00    0.00    0.00    0.00
19:41:05      24    0.00    0.00    0.00  100.00    0.00    0.00    0.00    0.00    0.00    0.00
19:41:05      25    0.00    0.00    0.00  100.00    0.00    0.00    0.00    0.00    0.00    0.00
19:41:05      26   76.00    0.00   23.00    1.00    0.00    0.00    0.00    0.00    0.00    0.00
19:41:05      27    0.00    0.00    0.00  100.00    0.00    0.00    0.00    0.00    0.00    0.00
19:41:05      28   75.76    0.00   23.23    1.01    0.00    0.00    0.00    0.00    0.00    0.00
19:41:05      29    0.00    0.00    0.00  100.00    0.00    0.00    0.00    0.00    0.00    0.00
19:41:05      30    0.00    0.00    0.00    0.00    0.00    0.00    0.00    0.00    0.00  100.00
19:41:05      31   36.63    0.00    8.91   54.46    0.00    0.00    0.00    0.00    0.00    0.00

19:41:05     CPU    %usr   %nice    %sys %iowait    %irq   %soft  %steal  %guest  %gnice   %idle
19:41:06     all   12.17    0.00    3.18   62.16    0.00    1.54    0.00    0.00    0.00   20.95
19:41:06       0   31.63    0.00    6.12   56.12    0.00    6.12    0.00    0.00    0.00    0.00
19:41:06       1    0.00    0.00    0.00   96.97    0.00    3.03    0.00    0.00    0.00    0.00
19:41:06       2    0.00    0.00    0.00    0.00    0.00    9.38    0.00    0.00    0.00   90.62
19:41:06       3    0.00    0.00    0.00    0.00    0.00    7.37    0.00    0.00    0.00   92.63
19:41:06       4   14.43    0.00    4.12   76.29    0.00    5.15    0.00    0.00    0.00    0.00
19:41:06       5    0.00    0.00    0.00   95.00    0.00    5.00    0.00    0.00    0.00    0.00
19:41:06       6    0.00    0.00    0.00   93.88    0.00    6.12    0.00    0.00    0.00    0.00
19:41:06       7    0.00    0.00    0.00    0.00    0.00    8.25    0.00    0.00    0.00   91.75
19:41:06       8    0.00    0.00    0.00  100.00    0.00    0.00    0.00    0.00    0.00    0.00
19:41:06       9    0.99    0.00    0.00   99.01    0.00    0.00    0.00    0.00    0.00    0.00
19:41:06      10    1.00    0.00    0.00    0.00    0.00    0.00    0.00    0.00    0.00   99.00
19:41:06      11    0.00    0.00    0.00    0.00    0.00    0.00    0.00    0.00    0.00  100.00
19:41:06      12    0.00    0.00    0.00  100.00    0.00    0.00    0.00    0.00    0.00    0.00
19:41:06      13    0.00    0.00    0.00  100.00    0.00    0.00    0.00    0.00    0.00    0.00
19:41:06      14    0.00    0.00    0.00  100.00    0.00    0.00    0.00    0.00    0.00    0.00
19:41:06      15    0.00    0.00    0.00    0.00    0.00    0.00    0.00    0.00    0.00  100.00
19:41:06      16    0.00    0.00    0.00  100.00    0.00    0.00    0.00    0.00    0.00    0.00
19:41:06      17    0.00    0.00    0.00  100.00    0.00    0.00    0.00    0.00    0.00    0.00
19:41:06      18   79.59    0.00   18.37    1.02    0.00    0.00    0.00    0.00    0.00    1.02
19:41:06      19   78.00    0.00   21.00    1.00    0.00    0.00    0.00    0.00    0.00    0.00
19:41:06      20   33.33    0.00    5.05   61.62    0.00    0.00    0.00    0.00    0.00    0.00
19:41:06      21    0.00    0.00    0.00  100.00    0.00    0.00    0.00    0.00    0.00    0.00
19:41:06      22    0.00    0.00    0.00  100.00    0.00    0.00    0.00    0.00    0.00    0.00
19:41:06      23    0.00    0.00    0.00  100.00    0.00    0.00    0.00    0.00    0.00    0.00
19:41:06      24    0.00    0.00    0.00  100.00    0.00    0.00    0.00    0.00    0.00    0.00
19:41:06      25    0.00    0.00    0.00  100.00    0.00    0.00    0.00    0.00    0.00    0.00
19:41:06      26   72.55    0.00   24.51    0.98    0.00    0.00    0.00    0.00    0.00    1.96
19:41:06      27    0.00    0.00    0.00  100.00    0.00    0.00    0.00    0.00    0.00    0.00
19:41:06      28   77.00    0.00   22.00    1.00    0.00    0.00    0.00    0.00    0.00    0.00
19:41:06      29    0.00    0.00    0.00  100.00    0.00    0.00    0.00    0.00    0.00    0.00
19:41:06      30    0.00    0.00    0.00    0.00    0.00    0.00    0.00    0.00    0.00  100.00
19:41:06      31    0.00    0.00    0.00  100.00    0.00    0.00    0.00    0.00    0.00    0.00

19:41:06     CPU    %usr   %nice    %sys %iowait    %irq   %soft  %steal  %guest  %gnice   %idle
19:41:07     all   12.02    0.00    3.23   62.22    0.00    1.73    0.00    0.00    0.00   20.80
19:41:07       0   78.22    0.00   13.86    0.99    0.00    6.93    0.00    0.00    0.00    0.00
19:41:07       1    0.00    0.00    0.00   96.97    0.00    3.03    0.00    0.00    0.00    0.00
19:41:07       2    0.00    0.00    0.00    0.00    0.00   12.12    0.00    0.00    0.00   87.88
19:41:07       3    0.00    0.00    0.00    0.00    0.00    8.42    0.00    0.00    0.00   91.58
19:41:07       4    0.00    0.00    0.00   93.94    0.00    6.06    0.00    0.00    0.00    0.00
19:41:07       5    0.00    0.00    0.00   95.96    0.00    4.04    0.00    0.00    0.00    0.00
19:41:07       6    0.00    0.00    0.00   95.88    0.00    4.12    0.00    0.00    0.00    0.00
19:41:07       7    0.00    0.00    0.00    0.00    0.00   11.00    0.00    0.00    0.00   89.00
19:41:07       8    0.00    0.00    0.00  100.00    0.00    0.00    0.00    0.00    0.00    0.00
19:41:07       9    0.00    0.00    0.00  100.00    0.00    0.00    0.00    0.00    0.00    0.00
19:41:07      10   73.00    0.00   26.00    1.00    0.00    0.00    0.00    0.00    0.00    0.00
19:41:07      11    0.00    0.00    0.00    0.00    0.00    0.00    0.00    0.00    0.00  100.00
19:41:07      12    5.00    0.00    0.00   95.00    0.00    0.00    0.00    0.00    0.00    0.00
19:41:07      13    0.00    0.00    0.00  100.00    0.00    0.00    0.00    0.00    0.00    0.00
19:41:07      14    0.00    0.00    0.00  100.00    0.00    0.00    0.00    0.00    0.00    0.00
19:41:07      15    0.00    0.00    0.00    0.00    0.00    0.00    0.00    0.00    0.00  100.00
19:41:07      16    0.00    0.00    0.00  100.00    0.00    0.00    0.00    0.00    0.00    0.00
19:41:07      17    0.00    0.00    0.00  100.00    0.00    0.00    0.00    0.00    0.00    0.00
19:41:07      18   80.00    0.00   19.00    1.00    0.00    0.00    0.00    0.00    0.00    0.00
19:41:07      19   73.00    0.00   25.00    2.00    0.00    0.00    0.00    0.00    0.00    0.00
19:41:07      20    0.00    0.00    0.00  100.00    0.00    0.00    0.00    0.00    0.00    0.00
19:41:07      21    0.00    0.00    0.00  100.00    0.00    0.00    0.00    0.00    0.00    0.00
19:41:07      22    0.00    0.00    0.00  100.00    0.00    0.00    0.00    0.00    0.00    0.00
19:41:07      23    0.00    0.00    0.00  100.00    0.00    0.00    0.00    0.00    0.00    0.00
19:41:07      24    0.00    0.00    0.00  100.00    0.00    0.00    0.00    0.00    0.00    0.00
19:41:07      25    0.00    0.00    0.00  100.00    0.00    0.00    0.00    0.00    0.00    0.00
19:41:07      26    0.00    0.00    0.00    0.00    0.00    0.00    0.00    0.00    0.00  100.00
19:41:07      27    0.00    0.00    0.00  100.00    0.00    0.00    0.00    0.00    0.00    0.00
19:41:07      28   73.74    0.00   19.19    7.07    0.00    0.00    0.00    0.00    0.00    0.00
19:41:07      29    0.00    0.00    0.00  100.00    0.00    0.00    0.00    0.00    0.00    0.00
19:41:07      30    0.00    0.00    0.00    0.00    0.00    0.00    0.00    0.00    0.00  100.00
19:41:07      31    0.00    0.00    0.00  100.00    0.00    0.00    0.00    0.00    0.00    0.00

19:41:07     CPU    %usr   %nice    %sys %iowait    %irq   %soft  %steal  %guest  %gnice   %idle
19:41:08     all   11.90    0.00    2.98   63.88    0.00    2.10    0.00    0.00    0.00   19.14
19:41:08       0   72.73    0.00   18.18    1.01    0.00    8.08    0.00    0.00    0.00    0.00
19:41:08       1    0.00    0.00    0.00   96.00    0.00    4.00    0.00    0.00    0.00    0.00
19:41:08       2    0.00    0.00    0.00    0.00    0.00    9.28    0.00    0.00    0.00   90.72
19:41:08       3    0.00    0.00    0.00    0.00    0.00   14.71    0.00    0.00    0.00   85.29
19:41:08       4    0.00    0.00    0.00   93.07    0.00    6.93    0.00    0.00    0.00    0.00
19:41:08       5    6.00    0.00    2.00   87.00    0.00    5.00    0.00    0.00    0.00    0.00
19:41:08       6    0.00    0.00    0.00   92.08    0.00    7.92    0.00    0.00    0.00    0.00
19:41:08       7   40.40    0.00   11.11    0.00    0.00   11.11    0.00    0.00    0.00   37.37
19:41:08       8    0.00    0.00    0.00  100.00    0.00    0.00    0.00    0.00    0.00    0.00
19:41:08       9    0.00    0.00    0.00  100.00    0.00    0.00    0.00    0.00    0.00    0.00
19:41:08      10   13.13    0.00    4.04    0.00    0.00    0.00    0.00    0.00    0.00   82.83
19:41:08      11    0.00    0.00    0.00    0.00    0.00    0.00    0.00    0.00    0.00  100.00
19:41:08      12   24.24    0.00    7.07   68.69    0.00    0.00    0.00    0.00    0.00    0.00
19:41:08      13    0.00    0.00    0.00  100.00    0.00    0.00    0.00    0.00    0.00    0.00
19:41:08      14    0.00    0.00    0.00  100.00    0.00    0.00    0.00    0.00    0.00    0.00
19:41:08      15    0.00    0.00    0.00    0.00    0.00    0.00    0.00    0.00    0.00  100.00
19:41:08      16    0.00    0.00    0.00  100.00    0.00    0.00    0.00    0.00    0.00    0.00
19:41:08      17    0.00    0.00    0.00  100.00    0.00    0.00    0.00    0.00    0.00    0.00
19:41:08      18   81.82    0.00   18.18    0.00    0.00    0.00    0.00    0.00    0.00    0.00
19:41:08      19   79.80    0.00   19.19    1.01    0.00    0.00    0.00    0.00    0.00    0.00
19:41:08      20    0.00    0.00    0.00  100.00    0.00    0.00    0.00    0.00    0.00    0.00
19:41:08      21    0.00    0.00    0.00  100.00    0.00    0.00    0.00    0.00    0.00    0.00
19:41:08      22    0.00    0.00    0.00  100.00    0.00    0.00    0.00    0.00    0.00    0.00
19:41:08      23    0.00    0.00    0.00  100.00    0.00    0.00    0.00    0.00    0.00    0.00
19:41:08      24    0.00    0.00    0.00  100.00    0.00    0.00    0.00    0.00    0.00    0.00
19:41:08      25    0.00    0.00    0.00  100.00    0.00    0.00    0.00    0.00    0.00    0.00
19:41:08      26   66.33    0.00   16.33    0.00    0.00    0.00    0.00    0.00    0.00   17.35
19:41:08      27    0.00    0.00    0.00  100.00    0.00    0.00    0.00    0.00    0.00    0.00
19:41:08      28    0.00    0.00    0.00  100.00    0.00    0.00    0.00    0.00    0.00    0.00
19:41:08      29    0.00    0.00    0.00  100.00    0.00    0.00    0.00    0.00    0.00    0.00
19:41:08      30    0.00    0.00    0.00    0.00    0.00    0.00    0.00    0.00    0.00  100.00
19:41:08      31    0.00    0.00    0.00  100.00    0.00    0.00    0.00    0.00    0.00    0.00

Average:     CPU    %usr   %nice    %sys %iowait    %irq   %soft  %steal  %guest  %gnice   %idle
Average:     all   12.07    0.00    3.33   62.17    0.00    1.73    0.00    0.00    0.00   20.70
Average:       0   12.31    0.00    2.64   80.24    0.00    4.74    0.07    0.00    0.00    0.00
Average:       1    0.00    0.00    0.00   96.90    0.00    3.10    0.00    0.00    0.00    0.00
Average:       2    0.48    0.00    0.14    0.00    0.00   11.10    0.00    0.00    0.00   88.28
Average:       3    0.00    0.00    0.00    0.00    0.00   10.00    0.00    0.00    0.00   90.00
Average:       4    2.44    0.00    0.54   91.72    0.00    5.30    0.00    0.00    0.00    0.00
Average:       5    0.93    0.00    0.33   93.55    0.00    5.18    0.00    0.00    0.00    0.00
Average:       6    0.40    0.00    0.07   93.32    0.00    6.20    0.00    0.00    0.00    0.00
Average:       7    6.26    0.00    1.55    0.07    0.00   10.37    0.00    0.00    0.00   81.75
Average:       8    0.00    0.00    0.00  100.00    0.00    0.00    0.00    0.00    0.00    0.00
Average:       9    0.20    0.00    0.00   99.80    0.00    0.00    0.00    0.00    0.00    0.00
Average:      10    7.01    0.00    2.47    0.93    0.00    0.00    0.00    0.00    0.00   89.59
Average:      11   15.48    0.00    4.54    0.20    0.00    0.00    0.00    0.00    0.00   79.79
Average:      12   19.17    0.00    5.28   75.55    0.00    0.00    0.00    0.00    0.00    0.00
Average:      13    8.14    0.00    2.27   89.59    0.00    0.00    0.00    0.00    0.00    0.00
Average:      14    0.00    0.00    0.00  100.00    0.00    0.00    0.00    0.00    0.00    0.00
Average:      15   25.87    0.00    6.93    0.33    0.00    0.00    0.00    0.00    0.00   66.87
Average:      16    0.00    0.00    0.00   99.93    0.00    0.00    0.07    0.00    0.00    0.00
Average:      17    0.00    0.00    0.00  100.00    0.00    0.00    0.00    0.00    0.00    0.00
Average:      18   78.89    0.00   20.11    0.94    0.00    0.00    0.00    0.00    0.00    0.07
Average:      19   76.69    0.00   21.70    1.61    0.00    0.00    0.00    0.00    0.00    0.00
Average:      20    2.21    0.00    0.40   97.39    0.00    0.00    0.00    0.00    0.00    0.00
Average:      21    0.00    0.00    0.00  100.00    0.00    0.00    0.00    0.00    0.00    0.00
Average:      22    0.00    0.00    0.00  100.00    0.00    0.00    0.00    0.00    0.00    0.00
Average:      23    0.00    0.00    0.00  100.00    0.00    0.00    0.00    0.00    0.00    0.00
Average:      24    0.00    0.00    0.00  100.00    0.00    0.00    0.00    0.00    0.00    0.00
Average:      25    0.00    0.00    0.00  100.00    0.00    0.00    0.00    0.00    0.00    0.00
Average:      26   23.22    0.00    7.34    0.27    0.00    0.00    0.00    0.00    0.00   69.18
Average:      27   29.84    0.00    9.15   61.01    0.00    0.00    0.00    0.00    0.00    0.00
Average:      28   31.77    0.00    8.90   59.33    0.00    0.00    0.00    0.00    0.00    0.00
Average:      29   13.61    0.00    4.00   82.39    0.00    0.00    0.00    0.00    0.00    0.00
Average:      30    0.00    0.00    0.00    0.00    0.00    0.00    0.00    0.00    0.00  100.00
Average:      31   30.87    0.00    8.00   61.13    0.00    0.00    0.00    0.00    0.00    0.00
